1001
1002
1062
1064
1068
1069
1070
1072
1100
1102
1104
1105
1106
1108
1110
1112
1114
1116
1120
1122
1124
1126
1128
1130
1132
1134
1136
1138
1140
1142
1144
1146
1147
1148
1150
1152
1154
1156
1158
1160
1162
1164
1166
1168
1170
1172
1174
1176
1180
1182
1184
1186
1188
1190
1192
1194
1200
1202
1204
1206
1208
1211
1213
1215
1217
1219
1220
1221
1222
1223
1228
1230
1232
1234
1236
1238
1240
1242
1244
1248
1249
1250
1252
1254
1256
1258
1260
1262
1264
1266
1269
1271
1272
1273
1274
1275
1286
1288
1290
1292
1294
1300
1302
1304
1306
1308
1310
1312
1314
1316
1318
1320
1322
1324
1326
1328
1330
1332
1334
1335
1350
1352
1354
1356
1358
1360
1362
1364
1366
1368
1370
1372
1374
1376
1378
1380
1382
1384
1386
1410
1411
1412
1413
1414
1415
1416
1417
1418
1419
1420
1421
1422
1423
1424
1425
1426
1432
1434
1436
1438
1452
1454
1456
1461
1465
1468
1470
1472
1474
1477
1478
1480
1482
1484
1487
1489
1500
1501
1517
1522
1524
1526
1528
1530
1532
1534
1536
1538
1540
1542
1544
1546
1548
1550
1552
1554
1556
1558
1560
1562
1564
1566
1568
1570
1572
1574
1580
1582
1584
1586
1588
1590
1592
1594
1596
1604
1606
1608
1610
1612
1614
1616
1618
1620
1623
1626
1627
1628
1629
1630
1631
1634
1637
1638
1708
1710
1712
1714
1716
1718
1720
1722
1724
1726
1728
1729
1730
1731
1732
1733
1734
1735
1736
1737
1738
1740
1741
1742
1743
1744
1746
1748
1750
1751
1754
1755
1756
1758
1759
1760
1762
1765
1766
1768
1770
1772
1774
1776
1777
1800
1801
1802
1803
1804
1805
1806
1807
1808
1810
1811
1812
1813
1815
1816
1817
1820
1822
1825
1827
1828
1830
1831
1832
1833
1834
1835
1836
1837
1838
1839
1840
1841
1842
1843
1844
1845
1846
1847
1850
1851
1852
1853
1854
1855
1856
1857
1858
1859
1860
1861
1862
1863
1864
1865
1866
1868
1870
1871
1872
1873
1874
1875
1876
1877
1878
1879
1880
1881
1883
1884
1885
1886
1890
1891
1892
1893
1894
1895
1897
1898
1899
1900
1902
1903
1904
1905
1906
1907
1908
1911
1912
1915
1916
1917
1919
1920
1921
1922
1925
1927
1928
1930
1931
1932
1933
1935
1936
1937
1938
1939
1940
1941
1942
1943
1944
1948
1949
1950
1951
1952
1953
1954
1956
1957
1960
1961
1962
1964
1965
1966
1967
1968
1969
1970
1971
1972
1973
1974
1977
2
2001
2002
2003
2005
2006
2008
2010
2011
2012
2014
2016
2022
2024
2025
2026
2028
2030
2100
2102
2104
2105
2106
2108
2110
2111
2112
2114
2116
2118
2120
2122
2124
2125
2126
2128
2130
2132
2134
2136
2140
2142
2144
2146
2148
2150
2152
2154
2156
2158
2160
2162
2164
2166
2168
2170
2172
2174
2176
2178
2300
2301
2302
2304
2306
2308
2310
2312
2318
2320
2321
2322
2323
2324
2326
2328
2330
2331
2332
2333
2334
2335
2336
2337
2338
2340
2342
2344
2346
2348
2350
2352
2354
2356
2500
2502
2504
2506
2508
2510
2512
2514
2516
2518
2520
2521
2522
2523
2524
2526
2528
2530
2532
2533
2534
2536
2538
2540
2544
2546
2548
2550
2552
2554
2556
2558
2560
2562
2564
2566
2568
2570
2572
2574
2576
2578
2580
2582
2584
2586
2588
2590
2592
2594
2596
2600
2602
2604
2700
2702
2704
2706
2710
2712
2713
2714
2716
2718
2720
2722
2724
2726
2728
2730
2732
2734
2736
2737
2738
2740
2744
2748
2750
2752
2754
2756
2758
2760
2761
2762
2764
2766
2768
2769
2770
2771
2773
2774
2776
2777
2778
2779
2780
2781
2783
2784
2785
2786
2788
2789
2790
2800
2801
2802
2804
2806
2808
2810
2812
2814
2816
2821
2822
2824
2826
2828
2830
2832
2834
2836
2838
2840
2841
2842
2844
2845
2846
2848
2850
2852
2854
2856
2858
2860
2862
2866
2868
2870
2871
2872
2873
2874
2876
2878
2880
2881
2884
2900
2901
2902
2904
2906
2908
2910
2911
2912
2913
2914
2916
2918
2920
2922
2924
2926
2928
2929
2930
2932
2934
2936
2938
2940
2942
2944
2950
2952
2954
2955
2956
2958
3
3000
3008
3009
3010
3012
3014
3016
3018
3020
3022
3024
3026
3028
3030
3034
3036
3038
3040
3050
3052
3054
3056
3058
3060
3062
3064
3066
3068
3070
3072
3074
3076
3078
3080
3081
3200
3202
3204
3206
3208
3210
3212
3214
3216
3218
3220
3222
3224
3226
3228
3230
3232
3234
3236
3237
3238
3239
3240
3242
3244
3246
3250
3252
3254
3256
3258
3260
3262
3263
3264
3266
3268
3270
3271
3272
3273
3274
3275
3276
3277
3279
3295
3297
3299
3400
3402
3404
3406
3408
3410
3412
3414
3416
3418
3420
3422
3424
3426
3428
3430
3432
3434
3435
3448
3450
3451
3452
3454
3456
3458
3460
3462
3464
3466
3468
3470
3472
3474
3476
3478
3480
3482
3500
3502
3504
3506
3508
3510
3512
3514
3516
3518
3520
3522
3524
3526
3528
3530
3532
3534
3536
3538
3540
3542
3544
3546
3548
3550
3600
3602
3604
3606
3608
3610
3612
3614
3616
3618
3620
3622
3624
3700
3702
3704
3705
3709
3710
3752
3754
3756
3758
3760
3762
3764
3766
3768
3770
3772
3774
3776
3778
3780
3808
3809
3810
3813
3814
3816
3817
3818
3820
3821
3822
3824
3825
3826
3827
3828
3829
3830
3832
3833
3834
3900
3902
3903
3904
3906
3908
3910
3911
3912
3914
3916
3918
3920
3922
3926
3927
3928
3929
3930
3932
3936
3940
3944
3946
3948
3950
3952
3954
3956
3958
3960
3961
3962
3964
3966
3968
3969
3970
3972
3974
3976
3978
3980
3982
4
4113
4114
4115
4116
4117
4118
4119
4120
4121
4122
4123
4125
4126
4127
4128
4129
4130
4131
4132
4133
4134
4135
4136
4137
4138
4139
4310
4311
4312
4313
4314
4315
4316
4317
4319
4320
4321
4322
4323
4324
4325
4326
4327
4328
4329
4330
4331
4332
4341
4342
4343
4344
4345
4346
4347
4348
4349
4350
4351
4352
4360
4361
4362
4363
4364
4365
4366
4367
4368
4369
4381
4382
4383
4384
4385
4386
4387
4388
4389
4390
4391
4392
4393
4394
4395
4396
4402
4403
4404
4405
4406
4407
4408
4409
4410
4411
4412
4413
4414
4415
4416
4417
4418
4419
4420
4421
4422
4423
4424
4425
4426
4427
4428
4429
4430
4431
4432
4433
4447
4448
4449
4450
4451
4452
4453
4454
4455
4456
4457
4459
4460
4461
4469
4500
4502
4504
4506
4508
4510
4520
4522
4524
4526
4911
4912
4913
4914
4915
4916
4917
4918
4921
4922
4923
4924
4925
4926
4927
4928
4929
4930
4931
4932
4934
4935
4936
4940
4941
4942
4943
4944
4945
4946
4947
5
5000
5002
5006
5008
5010
5011
5012
5014
5015
5016
5018
5020
5022
5024
5025
5026
5028
5111
5112
5113
5114
5115
5116
5117
5118
5119
5120
5121
5123
5124
5125
5126
5127
5128
5129
5130
5131
5132
5133
5134
5135
5136
5138
5139
5305
5306
5312
5313
5315
5316
5317
5318
5319
5320
5321
5322
5323
5324
5325
5326
5327
5328
5329
5330
5331
5332
5341
5342
5343
5344
5345
5346
5347
5348
5349
5350
5351
5360
5361
5362
5363
5364
5365
5366
5367
5368
5369
5380
5381
5382
5383
5384
5385
5386
5388
5389
5390
5391
5392
5393
5394
5395
5401
5402
5403
5404
5405
5406
5407
5408
5409
5410
5411
5412
5413
5414
5415
5416
5417
5418
5419
5420
5421
5422
5423
5424
5425
5426
5427
5428
5429
5430
5431
5432
5433
5435
5446
5447
5448
5449
5450
5451
5452
5453
5454
5455
5456
5457
5459
5460
5461
5469
5486
5488
5490
5492
5494
5496
5498
5499
5500
5502
5506
5508
5510
5513
5514
5515
5516
5520
5534
5911
5912
5913
5914
5915
5916
5917
5918
5920
5921
5922
5923
5924
5925
5926
5927
5928
5929
5930
5931
5932
5933
5934
5935
5936
5940
5941
5942
5943
5944
5945
5946
6000
6001
6010
6012
6013
6014
6015
6016
6017
6019
6021
6022
6023
6024
6025
6026
6027
6028
6032
6033
6034
6035
6036
6037
6038
6039
6040
6041
6042
6043
6044
6045
6046
6047
6048
6049
6050
6052
6055
6062
6064
6065
6066
6067
6068
6069
6070
6071
6080
6081
6086
6087
6088
6089
6091
6092
6093
6094
6095
6096
6097
6098
6099
6100
6101
6119
6120
6121
6123
6124
6125
6126
6127
6128
6129
6131
6132
6133
6134
6140
6141
6142
6143
6144
6145
6146
6153
6155
6156
6157
6158
6160
6161
6162
6163
6212
6213
6214
6215
6216
6217
6218
6219
6220
6221
6222
6223
6224
6232
6234
6235
6236
6237
6238
6239
6240
6241
6242
6243
6244
6245
6246
6251
6252
6253
6254
6255
6256
6257
6258
6259
6260
6261
6262
6263
6264
6265
6266
6267
6268
6269
6270
6271
6272
6273
6274
6281
6282
6283
6285
6286
6287
6289
6290
6291
6292
6293
6301
6302
6303
6328
6329
6330
6331
6332
6333
6334
6335
6336
6337
6338
6345
6346
6417
6418
6419
6510
6512
6513
6514
6515
6516
6517
6518
6519
6521
6522
6524
6525
6526
6527
6528
6529
6530
6531
6532
6533
6534
6535
6540
6541
6542
6544
6545
6546
6547
6548
6549
6550
6551
6552
6553
6557
6558
6559
6562
6563
6564
6565
6566
6567
6568
6569
6570
6571
6572
6708
6710
6711
6712
6713
6714
6715
6716
6718
6719
6720
6721
6722
6723
6724
6725
6726
6727
6728
6729
6730
6732
6733
6746
6748
6749
6750
6751
6752
6753
6754
6755
6761
6762
6763
6764
6765
6766
6767
6768
6769
6770
6771
6772
6773
6782
6783
6784
6785
6786
6787
6791
6792
6793
6794
6796
6906
6908
6909
6910
6911
6913
6914
6915
6917
6918
6920
6921
6922
6924
6925
6926
6927
6928
6929
6930
6931
6932
6933
6934
6935
6936
6937
6941
6942
6946
6947
6948
6949
6950
6951
6952
6954
6956
6957
6958
6959
6960
7012
7013
7014
7015
7016
7017
7018
7019
7020
7021
7022
7023
7024
7025
7026
7027
7028
7032
7033
7034
7035
7036
7037
7038
7039
7040
7041
7042
7043
7044
7045
7046
7047
7048
7049
7050
7051
7052
7062
7063
7064
7065
7066
7068
7069
7070
7071
7072
7080
7083
7086
7087
7088
7089
7092
7093
7094
7095
7096
7097
7098
7099
7100
7101
7120
7121
7122
7123
7124
7125
7126
7128
7129
7131
7132
7133
7134
7140
7141
7142
7143
7144
7145
7146
7153
7155
7157
7158
7160
7161
7162
7163
7212
7213
7214
7215
7216
7217
7218
7219
7220
7221
7222
7223
7224
7232
7234
7235
7236
7237
7238
7239
7240
7241
7242
7244
7245
7246
7251
7252
7253
7255
7256
7257
7258
7259
7260
7261
7262
7263
7264
7265
7266
7267
7268
7269
7270
7271
7281
7282
7283
7284
7285
7287
7288
7289
7290
7291
7292
7293
7294
7295
7296
7297
7298
7301
7303
7327
7328
7330
7331
7332
7333
7334
7335
7336
7337
7338
7345
7346
7399
7417
7418
7424
7512
7514
7515
7517
7518
7519
7520
7521
7522
7523
7524
7525
7526
7527
7529
7540
7541
7542
7543
7544
7545
7546
7547
7548
7549
7550
7551
7552
7553
7557
7562
7563
7564
7565
7566
7567
7568
7569
7570
7571
7572
7575
7700
7708
7709
7711
7712
7713
7714
7715
7716
7718
7719
7720
7721
7722
7723
7724
7725
7726
7728
7729
7731
7732
7746
7748
7749
7750
7751
7752
7753
7754
7755
7761
7762
7763
7764
7766
7767
7768
7769
7770
7771
7772
7773
7774
7782
7784
7785
7786
7787
7788
7791
7792
7793
7794
7795
7796
7907
7908
7909
7910
7911
7912
7913
7914
7915
7917
7918
7920
7922
7923
7924
7925
7926
7927
7928
7929
7930
7931
7932
7933
7934
7935
7936
7937
7939
7941
7942
7946
7947
7948
7949
7950
7951
7952
7953
7954
7955
7956
7958
7959
7960
8000
8001
8002
8003
8004
8005
8006
8007
8008
8009
8017
8018
8019
8020
8021
8046
8047
8048
8049
8050
8051
8052
8053
8054
8055
8057
8058
8059
8060
8061
8062
8063
8064
8065
8066
8067
8068
8069
8070
8071
8072
8073
8090
8091
8092
8093
8094
8096
8097
8098
8099
8100
8101
8102
8104
8105
8106
8110
8111
8112
8113
8115
8116
8117
8118
8120
8121
8122
8123
8135
8136
8140
8142
8143
8145
8146
8147
8148
8152
8153
8154
8155
8156
8157
8158
8159
8160
8161
8163
8164
8165
8166
8167
8168
8169
8170
8171
8172
8173
8174
8175
8176
8177
8178
8180
8201
8202
8203
8204
8205
8206
8207
8208
8210
8211
8212
8213
8214
8215
8216
8217
8219
8224
8225
8226
8227
8228
8229
8231
8232
8233
8234
8235
8236
8237
8239
8240
8241
8242
8246
8247
8249
8250
8251
8253
8254
8255
8256
8259
8260
8269
8270
8271
8272
8273
8274
8275
8276
8277
8278
8279
8280
8281
8282
8283
8284
8285
8286
8287
8288
8289
8290
8291
8292
8293
8294
8295
8296
8297
8298
8299
8303
8304
8305
8306
8307
8309
8310
8311
8312
8313
8315
8321
8322
8323
8324
8325
8326
8327
8328
8329
8331
8332
8333
8334
8335
8336
8347
8348
8349
8350
8351
8352
8354
8355
8356
8357
8358
8359
8360
8361
8362
8363
8364
8365
8366
8369
8370
8371
8372
8373
8374
8375
8376
8377
8410
8413
8414
8415
8416
8417
8418
8419
8420
8422
8423
8424
8462
8463
8464
8465
8466
8467
8501
8502
8503
8504
8505
8506
8507
8508
8509
8510
8511
8514
8515
8516
8517
8518
8519
8527
8528
8529
8530
8531
8532
8533
8534
8535
8536
8538
8539
8540
8542
8543
8544
8547
8548
8550
8551
8552
8553
8554
8555
8556
8558
8559
8568
8569
8570
8571
8572
8573
8575
8576
8579
8580
8582
8584
8585
8586
8587
8588
8601
8602
8604
8607
8611
8612
8613
8614
8615
8621
8622
8624
8625
8627
8633
8689
8690
8691
8692
8693
8694
8700
8703
8704
8706
8730
8731
8732
8733
8734
8735
8737
8748
8779
8780
8781
8782
8838
8839
8840
8841
8842
8843
8844
8845
8846
8847
8848
8849
8850
8851
8852
8853
8854
8855
8856
8857
8858
8862
8901
8902
8903
8904
8905
8907
8908
8909
8910
8911
8918
8919
8920
8921
8952
8959
8960
8961
8962
8963
8964
8965
8966
8967
8968
8969
8970
8971
8977
8978
8979
8980
8981
8982
8983
8984
8985
8991
8992
8993
8997
8998
8999
9000
9001
9002
9003
9004
9005
9007
9008
9009
9017
9018
9019
9020
9047
9049
9050
9051
9052
9053
9054
9055
9056
9057
9058
9059
9060
9061
9062
9063
9064
9065
9066
9067
9068
9069
9070
9071
9072
9090
9092
9093
9098
9099
9100
9101
9102
9104
9105
9106
9110
9111
9112
9113
9114
9115
9117
9118
9121
9122
9130
9131
9132
9135
9136
9140
9142
9143
9144
9145
9146
9147
9148
9150
9151
9152
9153
9155
9156
9157
9158
9159
9160
9162
9163
9164
9165
9166
9167
9168
9169
9170
9171
9172
9173
9174
9175
9176
9177
9178
9180
9197
9199
9200
9201
9202
9203
9204
9205
9206
9207
9208
9210
9211
9212
9213
9214
9215
9216
9217
9218
9219
9223
9224
9225
9226
9227
9228
9229
9231
9232
9233
9234
9235
9236
9237
9238
9239
9240
9241
9242
9245
9246
9247
9249
9250
9251
9253
9254
9255
9256
9257
9260
9268
9269
9270
9271
9272
9273
9274
9275
9276
9277
9278
9279
9280
9281
9282
9283
9284
9285
9286
9287
9288
9290
9292
9293
9294
9296
9297
9298
9299
9303
9305
9306
9308
9309
9310
9312
9313
9314
9315
9316
9321
9322
9323
9324
9325
9326
9327
9328
9329
9332
9333
9336
9337
9347
9348
9349
9350
9351
9353
9354
9355
9356
9357
9358
9360
9361
9362
9363
9364
9365
9366
9367
9368
9369
9370
9371
9372
9373
9374
9375
9376
9377
9401
9402
9403
9404
9405
9406
9407
9408
9409
9410
9411
9412
9414
9415
9416
9417
9418
9419
9420
9422
9423
9424
9461
9462
9463
9464
9465
9466
9501
9502
9514
9515
9516
9517
9518
9519
9525
9526
9527
9528
9529
9530
9531
9532
9533
9534
9535
9536
9538
9539
9540
9541
9542
9543
9544
9545
9546
9548
9550
9551
9552
9553
9554
9555
9556
9558
9559
9567
9568
9569
9570
9571
9572
9573
9574
9575
9576
9577
9582
9583
9584
9585
9586
9587
9601
9602
9604
9605
9607
9611
9612
9613
9614
9615
9621
9622
9623
9624
9625
9626
9627
9688
9689
9690
9691
9692
9693
9694
9700
9703
9704
9706
9730
9731
9732
9733
9735
9736
9739
9748
9779
9780
9781
9782
9837
9838
9839
9840
9841
9842
9843
9844
9845
9846
9847
9848
9849
9850
9851
9852
9853
9854
9855
9856
9857
9858
9901
9902
9903
9904
9905
9906
9907
9908
9909
9910
9911
9912
9913
9915
9916
9917
9918
9919
9920
9951
9953
9954
9955
9956
9957
9958
9959
9960
9961
9962
9963
9964
9965
9966
9967
9968
9969
9970
9977
9978
9979
9980
9981
9982
9983
9984
9985
9995
9997
9998
9999